this file contains temperature of each cell
[[ 469.30582361  292.01541348  509.5493076   544.35491363  391.45163235
   550.7482573   496.5892053   408.53225636  435.53640246  406.35829652]
 [ 556.9887412   664.07212826  379.02909499  349.62245543  497.85662092
   563.57335819  551.65956884  501.51652357  426.50828585  425.3882353 ]
 [ 604.55998429  689.3137998   405.30145541  328.6712426   470.70607912
   455.47242806  524.32884461  406.81506064  737.64991561  605.60129221]
 [ 459.24577376  635.33166776  397.07130665  308.23462831  361.17126166
   489.86053343  422.68469063  508.7334638   289.79104022  348.38627733]
 [ 498.0969628   478.79385406  333.00674039  375.29697725  332.20448689
   340.64521561  625.79752465  624.04274089  477.43484991  343.11777071]
 [ 643.18848004  595.63079509  333.50316372  227.37768214  302.0764522
   459.32920325  492.08087201  481.38638134  469.17888695  562.22225262]
 [ 552.35905575  400.73618157  367.96817144  274.55588037  553.68518919
   385.12540782  560.03895194  508.77035375  444.68828563  375.9287819 ]
 [ 342.11277624  510.5563655   549.44366032  394.28706868  409.45685748
   404.30570197  348.48939284  284.36921908  335.24724168  494.52144765]
 [ 389.99958836  585.8259582   446.10010786  438.99926711  378.86410357
   327.41621857  433.26027043  528.05315464  545.65859815  627.19405404]
 [ 325.83318012  459.08762542  286.36075467  504.2938692   337.43758065
   331.07406414  438.70074714  546.77099872  635.53999073  159.86770974]]
