this file contains number density( x1e19 ) of each cell
[[ 1.48076225  1.56863166  1.29526017  1.63046569  1.48076225  1.55886839
   1.37987515  1.36034862  1.46774456  1.54259628]
 [ 1.44496361  1.73786163  1.617448    1.61093915  1.55561397  1.66951876
   1.71182625  1.64999223  1.65324665  1.43845476]
 [ 1.60443031  1.55886839  1.43520034  1.47425341  1.79969566  1.53283301
   1.47750783  1.64022896  1.53934186  1.59792146]
 [ 0.          1.45472687  1.71182625  1.82898546  1.62395685  1.4872711
   1.6890453   1.73460721  1.70857183  1.66626434]
 [ 0.          0.          1.63372011  1.70206299  1.60768473  1.75413375
   1.61093915  1.56537724  1.55561397  1.59141262]
 [ 0.          0.          0.          1.46774456  1.59141262  1.67602761
   1.57514051  1.65324665  1.40265611  1.65975549]
 [ 0.          0.          0.          0.          0.          1.61419358
   1.49377994  1.78016913  1.73460721  1.51981532]
 [ 0.          0.          0.          0.          0.          1.54259628
   1.53934186  1.65650107  1.69229972  1.49377994]
 [ 0.          0.          0.          0.          0.          0.
   1.52306975  1.6890453   1.49052552  1.48076225]
 [ 0.          0.          0.          0.          0.          0.          0.
   1.60768473  1.66626434  1.57839493]]
