this file contains temperature of each cell
2.1154e+02 4.7575e+02 1.9253e+02 9.9086e+01 3.2444e+02 3.0249e+02 1.9502e+02 4.0685e+02 2.6676e+02 2.3558e+02
9.2492e+02 3.3869e+02 5.7194e+02 3.6031e+02 3.5064e+02 3.8535e+02 3.3503e+02 4.2989e+02 4.9759e+02 3.2412e+02
1.1726e+03 1.1873e+03 4.2906e+02 3.5268e+02 3.8864e+02 3.6709e+02 3.8387e+02 3.5755e+02 5.0029e+02 4.4808e+02
0.0000e+00 1.5316e+03 1.0413e+03 3.2465e+02 4.2769e+02 4.5367e+02 5.3991e+02 3.2470e+02 3.4495e+02 3.3742e+02
0.0000e+00 0.0000e+00 1.6312e+03 9.7753e+02 6.0016e+02 3.3386e+02 3.6032e+02 3.9949e+02 3.5650e+02 3.2711e+02
0.0000e+00 0.0000e+00 0.0000e+00 1.8523e+03 1.9765e+03 2.6944e+02 4.0993e+02 3.3409e+02 5.4314e+02 4.9702e+02
0.0000e+00 0.0000e+00 0.0000e+00 0.0000e+00 0.0000e+00 7.8489e+02 4.7485e+02 3.4426e+02 5.5482e+02 7.1187e+02
0.0000e+00 0.0000e+00 0.0000e+00 0.0000e+00 0.0000e+00 1.5849e+03 8.9751e+02 4.5338e+02 4.9157e+02 7.3889e+02
0.0000e+00 0.0000e+00 0.0000e+00 0.0000e+00 0.0000e+00 0.0000e+00 2.1538e+03 1.9642e+03 8.5469e+02 3.8427e+02
0.0000e+00 0.0000e+00 0.0000e+00 0.0000e+00 0.0000e+00 0.0000e+00 0.0000e+00 2.1686e+03 1.7141e+03 4.0458e+02
