this file contains number density of each cell
5.7766e+16 1.4951e+17 3.6359e+17 6.6941e+17 5.1650e+17 5.7766e+17 8.5630e+17 7.9173e+17 1.0670e+18 1.5053e+18
3.1262e+17 1.2912e+17 2.9223e+17 3.6698e+17 7.4416e+17 7.5436e+17 9.8542e+17 1.1043e+18 1.3626e+18 1.1723e+18
9.8542e+16 4.5193e+17 3.1941e+17 4.0776e+17 5.4368e+17 7.8834e+17 7.6455e+17 9.0387e+17 1.0296e+18 1.0568e+18
8.1552e+16 2.9902e+17 5.4368e+17 4.2475e+17 4.6553e+17 7.1018e+17 1.0772e+18 1.0092e+18 8.6989e+17 8.1552e+17
3.7378e+16 1.9369e+17 2.8883e+17 5.9465e+17 5.4028e+17 6.9319e+17 1.3218e+18 1.1179e+18 1.0942e+18 1.2301e+18
1.1553e+17 1.5631e+17 2.9563e+17 4.2815e+17 7.4756e+17 7.1698e+17 9.3445e+17 1.1247e+18 9.6503e+17 1.0092e+18
7.8154e+16 1.5971e+17 1.9029e+17 2.5485e+17 5.0970e+17 8.5969e+17 7.2038e+17 7.8494e+17 1.2437e+18 1.0636e+18
5.0970e+16 2.2767e+17 3.6359e+17 4.1116e+17 6.1504e+17 7.9173e+17 9.7523e+17 8.7668e+17 1.0772e+18 1.1689e+18
1.6990e+17 1.4611e+17 2.1747e+17 5.4708e+17 5.4368e+17 5.0630e+17 6.9319e+17 1.0908e+18 8.4270e+17 1.2675e+18
1.3932e+17 2.9563e+17 4.8931e+17 3.0582e+17 5.4708e+17 5.3009e+17 7.1358e+17 1.2063e+18 1.4883e+18 1.1451e+18
