this file contains temperature of each cell
[[  460.77800823   466.35261011   437.52302185   468.5951766    469.11751841    462.76792281   490.49745918   447.53953263   455.44756391   471.01219218]
 [  663.96988953   507.48033199   490.73099042   490.7657144    500.54900467    476.91204552   494.75730432   495.0610986    482.93196515   491.68037028]
 [ 1980.12623342  1455.99057499   584.55611069   510.57341519   494.88113887    484.77000476   505.20387404   502.01497995   501.06348039   482.45564853]
 [    0.          2042.80196106  1465.26768157   542.67494457   506.16391175    504.11581662   503.24496212   495.64049576   504.27693272   486.87789964]
 [    0.             0.          2065.86623184  1460.08115045   558.65015586    490.51550036   510.39883516   497.24294769   518.29449986   482.80101548]
 [    0.             0.             0.          2002.56202319   1341.23842082   532.82043388   497.04395888   500.51621535   520.08123064   486.49079741]
 [    0.             0.             0.             0.             0.            845.91367826   499.44786605   489.085925     513.63874571   484.70768024]
 [    0.             0.             0.             0.             0.            2039.17058195  1393.73132805   581.25353486   493.32474688   482.0099632 ]
 [    0.             0.             0.             0.             0.               0.          2041.68572188  1496.37754119   604.69306015   484.86753532]
 [    0.             0.             0.             0.             0.               0.             0.          1998.83319938  1324.46510601   513.98740321]]
