this file contains temperature of each cell
[[ 368.00396138  408.13233103  410.57705422  420.91108442  403.59682051
   414.42997422  412.63895975  398.1322072   380.62846921  346.21185146]
 [ 428.33914099  456.67942144  452.54792933  457.13884364  443.76534148
   444.10314489  440.3251805   444.45817149  411.66021174  360.22576367]
 [ 445.48915939  497.64263672  515.71403958  507.44678888  490.6965589
   481.11261882  478.09506108  463.43933919  430.68139134  389.31099532]
 [   0.          490.82016179  539.89809576  546.930316    533.84000102
   514.97991456  509.59068286  476.06183738  442.63934084  400.8665926 ]
 [   0.            0.          505.70974898  553.06380165  560.93616488
   535.07057347  517.07807456  495.70647262  466.12057109  431.55008514]
 [   0.            0.            0.          532.85213881  559.34742604
   552.24307937  528.68541648  501.83095659  460.64333844  429.66500959]
 [   0.            0.            0.            0.            0.
   582.37931814  548.36930284  515.20803382  475.13597854  418.58212441]
 [   0.            0.            0.            0.            0.
   543.96454534  557.30645886  516.54693902  479.14077311  428.76369244]
 [   0.            0.            0.            0.            0.            0.
   527.78276697  525.04035087  485.78696397  424.14900221]
 [   0.            0.            0.            0.            0.            0.
     0.          479.52336795  459.83325908  392.07616676]]
