this file contains number density( x1e19 ) of each cell
[[ 0.68258258  0.79749624  0.84631258  0.90183303  0.91449273  0.88809937
   0.87114382  0.85327704  0.78070342  0.63724848]
 [ 1.04837968  1.30326605  1.32093756  1.34996701  1.3367866   1.26756503
   1.30375421  1.28422768  1.12140892  0.94078847]
 [ 0.96968774  1.65142417  1.57087721  1.54142469  1.571821    1.49475627
   1.45157008  1.45853455  1.36532789  1.0716488 ]
 [ 0.          1.13413371  1.90810048  1.77320466  1.69757188  1.57266715
   1.61259891  1.53439514  1.39074493  1.13074911]
 [ 0.          0.          1.25077221  2.00849941  1.78049457  1.67075544
   1.59310492  1.50627693  1.4638718   1.12886154]
 [ 0.          0.          0.          1.2389912   1.99779236  1.73782909
   1.69278788  1.59824691  1.58044522  1.14327864]
 [ 0.          0.          0.          0.          0.          1.78453005
   1.77401827  1.63342721  1.54588325  1.19391745]
 [ 0.          0.          0.          0.          0.          1.16511581
   1.9290915   1.73851252  1.59046884  1.18822221]
 [ 0.          0.          0.          0.          0.          0.
   1.27947622  1.87734618  1.50438936  1.19944997]
 [ 0.          0.          0.          0.          0.          0.          0.
   1.1074149   1.50259943  1.10783798]]
