this file contains number density( x1e18 ) of each cell
[[  2.699   4.722   3.711   2.699   2.699   2.024   4.385   1.349   4.722   2.361   3.711   1.012   5.397   3.373   2.024   4.048   5.06    4.722   2.024   1.687]
 [ 12.818   7.421  11.806  11.806  14.167  10.457   7.758  16.191  10.794  11.469  10.457  11.806  12.818  13.83    9.782  10.457  15.179   9.108  17.541   4.385]
 [ 16.866  17.541  12.818  16.191  19.902  16.866  14.842  16.866  11.806  17.203  12.818  19.227  11.806  16.866  13.83   18.215  12.818  12.481  18.89   15.517]
 [ 19.565  17.541  13.83   14.167  22.6    20.914  16.866  14.505  16.191  12.818  14.167  18.89   17.878  16.191  20.239  16.529  17.878  15.179  13.83   17.203]
 [ 15.517  21.251  18.553  12.818  18.215  19.227  17.878  16.191  18.89   18.553  19.227  15.854  20.577  13.83   19.902  16.191  21.588  11.132  15.854  16.529]
 [  0.     16.866  32.383  16.529  20.577  17.878  20.239  15.179  17.203  19.227  18.215  18.215  14.167  14.505  14.842  19.902  21.251  13.493  20.577  16.191]
 [  0.      0.      0.     19.227  20.577  15.179  16.191  15.517  18.215  15.854  17.203  17.203  19.902  18.215  17.878  18.215  18.89   16.866  15.854  13.493]
 [  0.      0.      0.      0.     26.311  15.854  17.878  15.179  17.878  17.878  18.89   15.854  13.83   19.227  18.215  12.481  17.203  18.89   12.144  18.215]
 [  0.      0.      0.      0.      0.     20.577  19.565  17.878  14.167  16.866  15.179  16.529  11.806  24.287  15.179  16.191  21.251  13.83   14.505  20.577]
 [  0.      0.      0.      0.      0.     22.6    21.926  25.299  15.517  13.493  17.541  18.553  10.794  18.215  15.179  18.553  13.83   17.878  16.529  17.541]
 [  0.      0.      0.      0.      0.      0.     11.806  25.974  20.914  18.215  18.215  22.938  12.818  14.842  16.529  19.227  14.842  17.541  19.902  18.215]
 [  0.      0.      0.      0.      0.      0.      0.     15.517  31.708  23.95   14.505  15.854  17.878  14.842  14.842  17.878  18.553  11.469  17.878  18.215]
 [  0.      0.      0.      0.      0.      0.      0.      0.      0.     21.251  12.144  14.842  16.529  18.89   13.155  14.842  22.938  15.854  19.902  15.854]
 [  0.      0.      0.      0.      0.      0.      0.      0.      0.     19.565  22.6    18.89   17.541  11.806  18.215  17.541  13.493  22.6    16.866  18.215]
 [  0.      0.      0.      0.      0.      0.      0.      0.      0.      0.      0.     16.191  19.227  21.251  20.577  18.89   13.493  16.866  12.818  15.517]
 [  0.      0.      0.      0.      0.      0.      0.      0.      0.      0.      0.     13.83   26.986  22.938  16.191  16.529  14.167  15.854  19.902  17.541]
 [  0.      0.      0.      0.      0.      0.      0.      0.      0.      0.      0.      0.     18.215  22.6    16.529  24.624  16.529  15.854  18.553  16.529]
 [  0.      0.      0.      0.      0.      0.      0.      0.      0.      0.      0.      0.      0.     16.191  20.914  18.215  15.517   9.108  17.203  13.83 ]
 [  0.      0.      0.      0.      0.      0.      0.      0.      0.      0.      0.      0.      0.      0.     17.541  22.938  19.227  13.493  16.191  18.553]
 [  0.      0.      0.      0.      0.      0.      0.      0.      0.      0.      0.      0.      0.      0.      0.      0.     24.962  19.227  14.505  12.818]]
