this file contains temperature of each cell
[[ 500.51330689  495.756811    496.40258169  501.93569727  500.25301081
   498.8234672   493.03545506  505.82984131  498.05217371  497.2148331 ]
 [ 496.34513361  496.44194824  499.58233708  503.24359951  502.73632285
   492.21833791  496.70731705  502.87470486  498.47504686  502.50184793]
 [ 497.32903517  497.748182    501.85217404  498.39522478  497.80959377
   499.61057166  505.50881522  495.51963975  507.81968261  496.08275888]
 [ 496.05871344  494.70832568  498.62848505  495.86426029  498.17195766
   500.25599658  498.13187214  500.15356698  507.24578611  502.09972268]
 [ 506.17690872  501.44946582  495.87016586  497.40168235  497.92562123
   497.55787857  502.57266782  501.78403313  494.43833068  497.11770779]
 [ 506.39926521  505.88525044  502.69403433  498.4166528   498.42787075
   496.85163022  496.8653835   500.53477349  500.00148069  499.40261985]
 [ 505.84007008  499.99298875  506.09979659  507.05927133  499.24925983
   502.14377502  502.37462822  507.24305098  496.96749083  497.79687279]
 [ 496.57341285  501.90624929  495.01380567  503.03486482  497.17446111
   504.56225149  497.43326356  493.92148309  498.68988188  501.01156564]
 [ 500.63304882  497.57420754  496.09383114  499.47140527  503.72082935
   499.604204    502.16541758  503.84308104  501.54139191  492.90256669]
 [ 502.10740412  508.31162975  497.57409651  492.22344884  493.22897328
   502.66238611  498.53666086  499.22089546  500.85561214  501.68605845]]
