this file contains number density( x1e19 ) of each cell
[[ 1.69995144  1.7046067   1.7069853   1.67993722  1.68703904  1.70199024
   1.70848042  1.69597578  1.6935632   1.70657754]
 [ 1.67935956  1.71568418  1.6995097   1.68771864  1.72101904  1.68652934
   1.70168442  1.69329136  1.69838836  1.70029124]
 [ 1.6932234   1.70678142  1.70878624  1.71401916  1.70929594  1.68398084
   1.69638354  1.69842234  1.69801458  1.69699518]
 [ 1.69753886  1.68476238  1.6993398   1.68408278  1.69889806  1.73647994
   1.70406302  1.7015485   1.69903398  1.70015532]
 [ 1.7027378   1.69471852  1.6945826   1.71850452  1.69448066  1.68415074
   1.66644716  1.69692722  1.6969612   1.70729112]
 [ 1.70535426  1.69166032  1.70841246  1.70939788  1.68924774  1.693903
   1.70226208  1.70025726  1.71660164  1.68972346]
 [ 1.71218424  1.69991746  1.69624762  1.70073298  1.6947525   1.70148054
   1.68561188  1.69009724  1.68700506  1.70372322]
 [ 1.6843886   1.72815484  1.69617966  1.68330124  1.69166032  1.7080047
   1.70046114  1.71826666  1.71116484  1.69804856]
 [ 1.6894856   1.70317954  1.69471852  1.6940729   1.70283974  1.69002928
   1.699       1.6945826   1.69420882  1.7039271 ]
 [ 1.69583986  1.69930582  1.70932992  1.70209218  1.70684938  1.69403892
   1.68792252  1.72129088  1.69437872  1.68720894]]
